transport_wh_store [PIASECZNO,*,*,BURAKI] (tr)
:    1   2   3   4   5   6   7     8        9     10    :=
1    0   0   0   0   0   0   0   4.7254   0.7403   0
2    0   0   0   0   0   0   0   0.1148   1.1317   0
3    0   0   0   0   0   0   0   0        2.1796   0
4    0   0   0   0   0   0   0   0        0        0
5    0   0   0   0   0   0   0   0        3.2164   0
6    0   0   0   0   0   0   0   0.6346   0        0
7    0   0   0   0   0   0   0   1.0153   2.2929   0
8    0   0   0   0   0   0   0   2.9526   0        0
9    0   0   0   0   0   0   0   0        0.4262   0
10   0   0   0   0   0   0   0   0        2.028    0
11   0   0   0   0   0   0   0   3.8666   0        0
12   0   0   0   0   0   0   0   0        1.7345   0
13   0   0   0   0   0   0   0   0        0        0
14   0   0   0   0   0   0   0   0.6698   2.3858   0
15   0   0   0   0   0   0   0   1.0422   0        0
16   0   0   0   0   0   0   0   1.161    1.5272   0
17   0   0   0   0   0   0   0   0.921    0        0
18   0   0   0   0   0   0   0   3.0506   3.667    0
19   0   0   0   0   0   0   0   0        0        0
20   0   0   0   0   0   0   0   0        0        0
21   0   0   0   0   0   0   0   3.0059   1.0508   0
22   0   0   0   0   0   0   0   0.0965   3.8084   0
23   0   0   0   0   0   0   0   0        0        0
24   0   0   0   0   0   0   0   1.1756   0        0
25   0   0   0   0   0   0   0   2.2798   1.2991   0
26   0   0   0   0   0   0   0   0.1015   1.2625   0
27   0   0   0   0   0   0   0   1.2365   1.8907   0
28   0   0   0   0   0   0   0   0.8167   0        0
29   0   0   0   0   0   0   0   1.096    1.7214   0
30   0   0   0   0   0   0   0   3.1949   0        0
31   0   0   0   0   0   0   0   0        0        0
32   0   0   0   0   0   0   0   0        2.3074   0
33   0   0   0   0   0   0   0   2.1186   1.2677   0
34   0   0   0   0   0   0   0   0.3826   0        0
35   0   0   0   0   0   0   0   1.7784   0        0
36   0   0   0   0   0   0   0   0        1.2983   0
37   0   0   0   0   0   0   0   0        0.5025   0
38   0   0   0   0   0   0   0   2.6181   1.8271   0
39   0   0   0   0   0   0   0   0        1.2807   0
40   0   0   0   0   0   0   0   0.4798   0.155    0
41   0   0   0   0   0   0   0   0.4235   1.0095   0
42   0   0   0   0   0   0   0   3.2422   0.8265   0
43   0   0   0   0   0   0   0   0.4458   0.8255   0
44   0   0   0   0   0   0   0   0        2.231    0
45   0   0   0   0   0   0   0   2.6592   0        0
46   0   0   0   0   0   0   0   0        3.1769   0
47   0   0   0   0   0   0   0   0        0.818    0
48   0   0   0   0   0   0   0   3.6339   0        0
49   0   0   0   0   0   0   0   0        0        0
50   0   0   0   0   0   0   0   0        1.0684   0
51   0   0   0   0   0   0   0   0        1.4732   0
52   0   0   0   0   0   0   0   0.8295   0.6378   0

 [PIASECZNO,*,*,KAPUSTA] (tr)
:    1   2   3   4   5   6   7     8        9     10    :=
1    0   0   0   0   0   0   0   0.858    1.0307   0
2    0   0   0   0   0   0   0   1.1287   0.5597   0
3    0   0   0   0   0   0   0   0.9518   0.6677   0
4    0   0   0   0   0   0   0   1.1157   3.5118   0
5    0   0   0   0   0   0   0   0.8534   0        0
6    0   0   0   0   0   0   0   1.4744   0        0
7    0   0   0   0   0   0   0   3.0419   0        0
8    0   0   0   0   0   0   0   0        2.759    0
9    0   0   0   0   0   0   0   0        0        0
10   0   0   0   0   0   0   0   2.3055   0        0
11   0   0   0   0   0   0   0   0        2.1002   0
12   0   0   0   0   0   0   0   0.7034   2.1048   0
13   0   0   0   0   0   0   0   2.5723   0        0
14   0   0   0   0   0   0   0   0        0.5374   0
15   0   0   0   0   0   0   0   3.3128   2.951    0
16   0   0   0   0   0   0   0   0        1.3093   0
17   0   0   0   0   0   0   0   0        0        0
18   0   0   0   0   0   0   0   0.3203   0        0
19   0   0   0   0   0   0   0   1.447    3.0139   0
20   0   0   0   0   0   0   0   1.8527   0        0
21   0   0   0   0   0   0   0   0        1.4868   0
22   0   0   0   0   0   0   0   0.8538   0.9446   0
23   0   0   0   0   0   0   0   2.3454   0.3163   0
24   0   0   0   0   0   0   0   0        3.5091   0
25   0   0   0   0   0   0   0   1.3075   0        0
26   0   0   0   0   0   0   0   4.1215   0        0
27   0   0   0   0   0   0   0   0        1.3996   0
28   0   0   0   0   0   0   0   0        1.5549   0
29   0   0   0   0   0   0   0   0        0        0
30   0   0   0   0   0   0   0   0.2883   3.135    0
31   0   0   0   0   0   0   0   1.1031   0        0
32   0   0   0   0   0   0   0   3.6163   1.8088   0
33   0   0   0   0   0   0   0   1.0656   0        0
34   0   0   0   0   0   0   0   0        0        0
35   0   0   0   0   0   0   0   0        2.1261   0
36   0   0   0   0   0   0   0   0        0        0
37   0   0   0   0   0   0   0   0        1.9933   0
38   0   0   0   0   0   0   0   0.8939   0        0
39   0   0   0   0   0   0   0   2.2306   0.6452   0
40   0   0   0   0   0   0   0   0        0.4861   0
41   0   0   0   0   0   0   0   0.9373   4.1949   0
42   0   0   0   0   0   0   0   1.9449   0        0
43   0   0   0   0   0   0   0   0        0        0
44   0   0   0   0   0   0   0   0        0        0
45   0   0   0   0   0   0   0   1.2379   0.7243   0
46   0   0   0   0   0   0   0   3.3614   0.6241   0
47   0   0   0   0   0   0   0   0        0.8671   0
48   0   0   0   0   0   0   0   0        1.8696   0
49   0   0   0   0   0   0   0   0.8877   0        0
50   0   0   0   0   0   0   0   1.9579   2.3825   0
51   0   0   0   0   0   0   0   0        0        0
52   0   0   0   0   0   0   0   0.8413   1.5058   0

 [PIASECZNO,*,*,MARCHEW] (tr)
:    1   2   3   4   5     6      7     8        9     10    :=
1    0   0   0   0   0   1.5477   0   1.441    1.1429   0
2    0   0   0   0   0   1.5595   0   0.9679   0.7464   0
3    0   0   0   0   0   0.704    0   1.0655   2.1382   0
4    0   0   0   0   0   2.412    0   2.2003   0        0
5    0   0   0   0   0   0        0   2.5242   0        0
6    0   0   0   0   0   1.3291   0   0.2245   1.5313   0
7    0   0   0   0   0   0        0   0.2058   1.3711   0
8    0   0   0   0   0   0        0   0        0.8147   0
9    0   0   0   0   0   2.915    0   0.8545   3.1736   0
10   0   0   0   0   0   0        0   0.8188   0        0
11   0   0   0   0   0   1.1615   0   0.6094   0        0
12   0   0   0   0   0   0.9807   0   1.5596   0.9927   0
13   0   0   0   0   0   2.4032   0   1.8348   3.5117   0
14   0   0   0   0   0   0        0   1.2959   0.2707   0
15   0   0   0   0   0   0        0   0        0        0
16   0   0   0   0   0   4.6946   0   3.0223   1.3305   0
17   0   0   0   0   0   0        0   0.5378   2.0996   0
18   0   0   0   0   0   0        0   1.0511   0        0
19   0   0   0   0   0   0        0   0        0.6968   0
20   0   0   0   0   0   1.0841   0   1.1309   3.255    0
21   0   0   0   0   0   2.2356   0   1.4347   0        0
22   0   0   0   0   0   0        0   2.5326   0        0
23   0   0   0   0   0   2.3537   0   0        2.3336   0
24   0   0   0   0   0   0        0   0        0.0383   0
25   0   0   0   0   0   0        0   1.9087   0.5084   0
26   0   0   0   0   0   3.7568   0   0        2.9009   0
27   0   0   0   0   0   0        0   1.868    0        0
28   0   0   0   0   0   0        0   1.7631   4.0517   0
29   0   0   0   0   0   0        0   0        0        0
30   0   0   0   0   0   0        0   0        0        0
31   0   0   0   0   0   1.9986   0   2.4341   0.7434   0
32   0   0   0   0   0   0        0   0        0        0
33   0   0   0   0   0   2.0514   0   0        0.933    0
34   0   0   0   0   0   0.9937   0   1.6977   2.1615   0
35   0   0   0   0   0   0        0   0        0        0
36   0   0   0   0   0   0        0   1.507    1.3698   0
37   0   0   0   0   0   0        0   0        0.4271   0
38   0   0   0   0   0   0        0   1.6208   4.3272   0
39   0   0   0   0   0   2.1493   0   0        0        0
40   0   0   0   0   0   0.4498   0   1.6127   0        0
41   0   0   0   0   0   1.4758   0   0        0        0
42   0   0   0   0   0   1.0483   0   1.7323   2.4372   0
43   0   0   0   0   0   0.9869   0   0        0        0
44   0   0   0   0   0   0.7022   0   2.2174   1.0916   0
45   0   0   0   0   0   0        0   0        3.2571   0
46   0   0   0   0   0   0        0   1.1446   0        0
47   0   0   0   0   0   0        0   0.9356   0        0
48   0   0   0   0   0   0        0   0.7027   0.7127   0
49   0   0   0   0   0   1.4369   0   2.1353   0.5413   0
50   0   0   0   0   0   0.8857   0   0        1.6102   0
51   0   0   0   0   0   0        0   0.7034   0        0
52   0   0   0   0   0   0.8877   0   0.6898   1.5361   0

 [PIASECZNO,*,*,ZIEMNIAKI] (tr)
:    1   2   3   4   5   6   7     8        9     10    :=
1    0   0   0   0   0   0   0   0.8096   1.4872   0
2    0   0   0   0   0   0   0   1.2046   2.6578   0
3    0   0   0   0   0   0   0   2.2667   0        0
4    0   0   0   0   0   0   0   0        0        0
5    0   0   0   0   0   0   0   0.4534   1.4036   0
6    0   0   0   0   0   0   0   1.4965   2.0897   0
7    0   0   0   0   0   0   0   0        0        0
8    0   0   0   0   0   0   0   1.1124   1.2363   0
9    0   0   0   0   0   0   0   3.4105   0.6952   0
10   0   0   0   0   0   0   0   0.0097   1.219    0
11   0   0   0   0   0   0   0   0        2.1628   0
12   0   0   0   0   0   0   0   1.654    0        0
13   0   0   0   0   0   0   0   0.0309   0.8323   0
14   0   0   0   0   0   0   0   2.5893   1.1031   0
15   0   0   0   0   0   0   0   0        1.821    0
16   0   0   0   0   0   0   0   0.6487   0        0
17   0   0   0   0   0   0   0   2.4562   1.6614   0
18   0   0   0   0   0   0   0   0        0        0
19   0   0   0   0   0   0   0   1.864    0.9553   0
20   0   0   0   0   0   0   0   1.7838   0        0
21   0   0   0   0   0   0   0   0        2.2584   0
22   0   0   0   0   0   0   0   0        0        0
23   0   0   0   0   0   0   0   2.4977   1.2791   0
24   0   0   0   0   0   0   0   0.456    1.2776   0
25   0   0   0   0   0   0   0   1.8914   0        0
26   0   0   0   0   0   0   0   0        2.2221   0
27   0   0   0   0   0   0   0   1.2245   0        0
28   0   0   0   0   0   0   0   0        0.6411   0
29   0   0   0   0   0   0   0   2.1232   2.1246   0
30   0   0   0   0   0   0   0   0        0        0
31   0   0   0   0   0   0   0   1.2956   2.1584   0
32   0   0   0   0   0   0   0   0.4677   0        0
33   0   0   0   0   0   0   0   0.7658   0.5108   0
34   0   0   0   0   0   0   0   1.5167   0.928    0
35   0   0   0   0   0   0   0   2.4536   3.4849   0
36   0   0   0   0   0   0   0   0        0        0
37   0   0   0   0   0   0   0   0.2907   0.0391   0
38   0   0   0   0   0   0   0   2.4445   0.6426   0
39   0   0   0   0   0   0   0   0.9634   2.1591   0
40   0   0   0   0   0   0   0   0        0        0
41   0   0   0   0   0   0   0   1.1683   1.3775   0
42   0   0   0   0   0   0   0   0        0.9933   0
43   0   0   0   0   0   0   0   3.2172   2.9515   0
44   0   0   0   0   0   0   0   0        0        0
45   0   0   0   0   0   0   0   0.9605   1.441    0
46   0   0   0   0   0   0   0   0        0        0
47   0   0   0   0   0   0   0   1.4953   0.9986   0
48   0   0   0   0   0   0   0   1.4505   2.975    0
49   0   0   0   0   0   0   0   0        0        0
50   0   0   0   0   0   0   0   1.956    1.2824   0
51   0   0   0   0   0   0   0   0        0        0
52   0   0   0   0   0   0   0   0.9153   0        0

 [PRUSZKÓW,*,*,BURAKI] (tr)
:    1   2   3     4        5        6      7   8   9  10    :=
1    0   0   0   1.7302   1.181    3.6725   0   0   0   0
2    0   0   0   0        0        0        0   0   0   0
3    0   0   0   0        0        2.0539   0   0   0   0
4    0   0   0   0.4816   3.3071   0        0   0   0   0
5    0   0   0   0.2366   0        0        0   0   0   0
6    0   0   0   1.0956   0        2.4521   0   0   0   0
7    0   0   0   0        0        1.1311   0   0   0   0
8    0   0   0   1.9898   0        3.5927   0   0   0   0
9    0   0   0   0        0        0        0   0   0   0
10   0   0   0   0        0        0        0   0   0   0
11   0   0   0   0        0        0.0065   0   0   0   0
12   0   0   0   0.8026   0        1.8245   0   0   0   0
13   0   0   0   1.6468   0.1141   1.4628   0   0   0   0
14   0   0   0   0.0513   0        0        0   0   0   0
15   0   0   0   0        0        2.2088   0   0   0   0
16   0   0   0   1.4199   0.8092   0        0   0   0   0
17   0   0   0   0        0        1.3012   0   0   0   0
18   0   0   0   0        0        0.5391   0   0   0   0
19   0   0   0   1.8973   0        3.6579   0   0   0   0
20   0   0   0   0        0        1.3473   0   0   0   0
21   0   0   0   0        0        0        0   0   0   0
22   0   0   0   0.7734   0        0.1963   0   0   0   0
23   0   0   0   0.5401   0.6352   0        0   0   0   0
24   0   0   0   1.6      0        0.4273   0   0   0   0
25   0   0   0   0        0        1.8936   0   0   0   0
26   0   0   0   2.035    0        0        0   0   0   0
27   0   0   0   0        0        1.0434   0   0   0   0
28   0   0   0   0        0        1.6299   0   0   0   0
29   0   0   0   0        0        0        0   0   0   0
30   0   0   0   1.6119   0        1.2779   0   0   0   0
31   0   0   0   0        0        1.8504   0   0   0   0
32   0   0   0   0        0        0        0   0   0   0
33   0   0   0   0.3695   1.4368   1.0035   0   0   0   0
34   0   0   0   0.8562   1.6121   1.266    0   0   0   0
35   0   0   0   0.3251   0        3.8334   0   0   0   0
36   0   0   0   1.8785   0        0        0   0   0   0
37   0   0   0   0        0        0.5044   0   0   0   0
38   0   0   0   0        0.7406   0        0   0   0   0
39   0   0   0   1.7262   1.4271   1.367    0   0   0   0
40   0   0   0   0        0        1.4085   0   0   0   0
41   0   0   0   2.0681   0        4.0308   0   0   0   0
42   0   0   0   0        0        0        0   0   0   0
43   0   0   0   0        0        0        0   0   0   0
44   0   0   0   0        0        2.0484   0   0   0   0
45   0   0   0   0.6425   0        0        0   0   0   0
46   0   0   0   1.4772   0        2.5374   0   0   0   0
47   0   0   0   0        0        0        0   0   0   0
48   0   0   0   1.1762   0        1.35     0   0   0   0
49   0   0   0   0        0        3.1376   0   0   0   0
50   0   0   0   1.0662   0.7318   0        0   0   0   0
51   0   0   0   0.0785   1.0615   0        0   0   0   0
52   0   0   0   0.333    0        0.978    0   0   0   0

 [PRUSZKÓW,*,*,KAPUSTA] (tr)
:      1      2   3     4        5        6      7   8   9     10      :=
1    1.119    0   0   0.8597   0.5753   0.7942   0   0   0   0
2    0        0   0   0        1.4184   3.3035   0   0   0   0
3    1.4009   0   0   1.4016   2.8626   0        0   0   0   1.1923
4    0        0   0   0        0.0559   1.1409   0   0   0   0.7003
5    0.4184   0   0   1.8227   0        3.0631   0   0   0   1.0982
6    0.4219   0   0   0.6435   4.047    0        0   0   0   1.2354
7    1.9446   0   0   0        0.1379   0.0502   0   0   0   1.2008
8    0        0   0   0        0        0        0   0   0   0
9    0        0   0   0.497    0        0.1239   0   0   0   2.1232
10   0.9762   0   0   0        3.2007   2.7539   0   0   0   0
11   0        0   0   0        0        2.7663   0   0   0   0
12   1.8842   0   0   0.4438   0.1665   0        0   0   0   0
13   0        0   0   0.8152   1.0221   0        0   0   0   0.2533
14   1.1537   0   0   0        1.932    0        0   0   0   2.8149
15   0        0   0   0.3084   3.9341   1.3141   0   0   0   0
16   0.2914   0   0   1.7579   0        0.4446   0   0   0   0
17   1.0035   0   0   0        0        1.2661   0   0   0   1.2194
18   1.5135   0   0   0.2245   1.2148   3.5776   0   0   0   0
19   0        0   0   0.3979   0        0        0   0   0   0
20   0        0   0   1.1911   0.8273   0        0   0   0   0
21   1.0206   0   0   0        3.3094   0.37     0   0   0   0
22   0        0   0   0.5437   0        3.5207   0   0   0   0.8708
23   0.8574   0   0   1.0532   0        0        0   0   0   0
24   0        0   0   0        1.0259   0        0   0   0   0.214
25   1.5999   0   0   0.8343   3.8402   1.7775   0   0   0   0
26   0        0   0   0        0        0        0   0   0   0
27   0        0   0   1.7985   0        2.2166   0   0   0   0
28   0.4963   0   0   0        0        0        0   0   0   1.3981
29   1.4561   0   0   0        0        4.0362   0   0   0   0
30   0.6684   0   0   0.73     1.5911   0        0   0   0   3.6936
31   0.5226   0   0   0        2.6229   0        0   0   0   0
32   0.7078   0   0   0        0        0        0   0   0   0
33   1.4016   0   0   0.3999   0        4.0043   0   0   0   0
34   0        0   0   1.0167   3.485    0        0   0   0   0
35   1.0031   0   0   0.3599   0        0.5706   0   0   0   1.176
36   1.8645   0   0   1.0277   0        0        0   0   0   0.9638
37   0        0   0   0.8048   0        1.4545   0   0   0   0
38   0        0   0   1.5756   0.6539   0        0   0   0   0
39   2.1809   0   0   0        0.5159   0.9672   0   0   0   0.8009
40   0        0   0   1.6145   2.9197   2.383    0   0   0   2.317
41   0        0   0   0        0        0        0   0   0   0
42   1.225    0   0   0        0.3451   3.7218   0   0   0   3.7766
43   0.1636   0   0   1.3509   0        0        0   0   0   0
44   0        0   0   0        2.8745   0        0   0   0   0
45   2.2036   0   0   0.6473   0        4.286    0   0   0   0.9122
46   0        0   0   0.2582   1.5484   0        0   0   0   0
47   0        0   0   1.1054   0.172    0        0   0   0   0
48   0        0   0   0        2.6982   0.1101   0   0   0   0
49   0.3724   0   0   0        0        0        0   0   0   4.4358
50   1.8305   0   0   1.5158   2.0912   2.6081   0   0   0   0
51   0        0   0   0        0        0        0   0   0   0
52   0        0   0   0.6306   0.4419   1.4914   0   0   0   0.5709

 [PRUSZKÓW,*,*,MARCHEW] (tr)
:    1   2   3     4        5        6      7   8   9  10    :=
1    0   0   0   1.0197   2.7374   0        0   0   0   0
2    0   0   0   1.6968   0        0        0   0   0   0
3    0   0   0   0        0        0        0   0   0   0
4    0   0   0   0.4519   0        0        0   0   0   0
5    0   0   0   1.6644   3.4481   0        0   0   0   0
6    0   0   0   0        0        0        0   0   0   0
7    0   0   0   0        0        1.4574   0   0   0   0
8    0   0   0   0.6292   0        0.9531   0   0   0   0
9    0   0   0   1.4525   0        0        0   0   0   0
10   0   0   0   0.1871   1.3013   0        0   0   0   0
11   0   0   0   2.6506   0        0        0   0   0   0
12   0   0   0   0        0.8529   0        0   0   0   0
13   0   0   0   0        2.1756   0        0   0   0   0
14   0   0   0   0.1593   0        0        0   0   0   0
15   0   0   0   1.8995   0.1339   0.999    0   0   0   0
16   0   0   0   0        1.9113   0        0   0   0   0
17   0   0   0   0        0        0        0   0   0   0
18   0   0   0   0.3653   0        0        0   0   0   0
19   0   0   0   1.216    0.5885   0        0   0   0   0
20   0   0   0   0        0        0        0   0   0   0
21   0   0   0   0        0.5336   0        0   0   0   0
22   0   0   0   0.6378   1.7928   0        0   0   0   0
23   0   0   0   0.6857   0        0        0   0   0   0
24   0   0   0   0.6945   0.8028   0        0   0   0   0
25   0   0   0   1.9998   1.3124   0        0   0   0   0
26   0   0   0   0        0        0        0   0   0   0
27   0   0   0   0        1.7467   0        0   0   0   0
28   0   0   0   0        0        0        0   0   0   0
29   0   0   0   0.9261   0        0        0   0   0   0
30   0   0   0   0.6937   1.9788   1.0006   0   0   0   0
31   0   0   0   2.3217   0        0        0   0   0   0
32   0   0   0   0        0        0        0   0   0   0
33   0   0   0   0        0        0        0   0   0   0
34   0   0   0   2.3355   0        0        0   0   0   0
35   0   0   0   0        0        0        0   0   0   0
36   0   0   0   0        2.9284   1.8017   0   0   0   0
37   0   0   0   0        0        0        0   0   0   0
38   0   0   0   1.2864   0.487    0        0   0   0   0
39   0   0   0   0.8148   0        0        0   0   0   0
40   0   0   0   0.8554   2.1661   0        0   0   0   0
41   0   0   0   0.0123   0        0        0   0   0   0
42   0   0   0   2.0275   2.2646   0        0   0   0   0
43   0   0   0   0        0        0        0   0   0   0
44   0   0   0   0.2267   2.7395   1.6574   0   0   0   0
45   0   0   0   1.5904   0        0        0   0   0   0
46   0   0   0   0        1.2336   0        0   0   0   0
47   0   0   0   0        0        1.3853   0   0   0   0
48   0   0   0   0        2.6163   0        0   0   0   0
49   0   0   0   1.7423   0        0        0   0   0   0
50   0   0   0   0        0        0        0   0   0   0
51   0   0   0   0.6433   0.4073   0        0   0   0   0
52   0   0   0   0.5321   1.1683   0        0   0   0   0

 [PRUSZKÓW,*,*,ZIEMNIAKI] (tr)
:    1   2   3     4        5        6      7   8   9  10    :=
1    0   0   0   1.1204   0        2.3846   0   0   0   0
2    0   0   0   0        0        0        0   0   0   0
3    0   0   0   1.6156   0        1.3571   0   0   0   0
4    0   0   0   0        0        0.9211   0   0   0   0
5    0   0   0   0.7628   0        0.6049   0   0   0   0
6    0   0   0   0        0        0.8218   0   0   0   0
7    0   0   0   1.5179   0        1.4903   0   0   0   0
8    0   0   0   0        0        1.0672   0   0   0   0
9    0   0   0   0.4085   0        0.6171   0   0   0   0
10   0   0   0   1.1662   0        1.2341   0   0   0   0
11   0   0   0   0        0        1.2227   0   0   0   0
12   0   0   0   1.2357   0        1.9408   0   0   0   0
13   0   0   0   0        0.1261   0        0   0   0   0
14   0   0   0   1.0297   0        3.2229   0   0   0   0
15   0   0   0   1.008    0        0        0   0   0   0
16   0   0   0   0        0        0        0   0   0   0
17   0   0   0   2.401    1.5278   1.2337   0   0   0   0
18   0   0   0   0        0        1.0703   0   0   0   0
19   0   0   0   0        1.903    0.5591   0   0   0   0
20   0   0   0   0.5004   0        2.0686   0   0   0   0
21   0   0   0   0.1699   0        1.4404   0   0   0   0
22   0   0   0   2.5647   0        0        0   0   0   0
23   0   0   0   0        0        1.4603   0   0   0   0
24   0   0   0   0        0        3.8257   0   0   0   0
25   0   0   0   0.2873   0        0.3339   0   0   0   0
26   0   0   0   0.5721   0        1.1112   0   0   0   0
27   0   0   0   0.2566   0        0        0   0   0   0
28   0   0   0   2.3229   0        1.5728   0   0   0   0
29   0   0   0   0.4436   0        0        0   0   0   0
30   0   0   0   0        0        2.3546   0   0   0   0
31   0   0   0   0        0        0        0   0   0   0
32   0   0   0   1.623    0        0.7575   0   0   0   0
33   0   0   0   0        0        0.8663   0   0   0   0
34   0   0   0   0.2582   0        2.4123   0   0   0   0
35   0   0   0   1.3458   0        0        0   0   0   0
36   0   0   0   0        0        1.0271   0   0   0   0
37   0   0   0   1.7772   0        1.5401   0   0   0   0
38   0   0   0   0        0        1.1914   0   0   0   0
39   0   0   0   0        0        3.5883   0   0   0   0
40   0   0   0   0.4121   0        0        0   0   0   0
41   0   0   0   0.8981   0        0        0   0   0   0
42   0   0   0   0        0        0        0   0   0   0
43   0   0   0   0.8389   0        2.9961   0   0   0   0
44   0   0   0   0.444    0        0        0   0   0   0
45   0   0   0   0.2538   0        0        0   0   0   0
46   0   0   0   1.4631   0        1.1326   0   0   0   0
47   0   0   0   0        0        0        0   0   0   0
48   0   0   0   1.4934   0        3.2341   0   0   0   0
49   0   0   0   0        0        0        0   0   0   0
50   0   0   0   0.9667   0        0        0   0   0   0
51   0   0   0   0.1652   0        0.4794   0   0   0   0
52   0   0   0   0.9299   0        1.05     0   0   0   0

 [ZIELONKA,*,*,BURAKI] (tr)
:      1        2        3      4     5      6     7      8   9     10      :=
1    0.768    0.7568   1.0692   0   2.2312   0   1.9562   0   0   0.7975
2    0        0.8972   0.8001   0   0        0   0        0   0   0.6887
3    1.4541   0        0        0   0        0   2.3526   0   0   1.9473
4    0        1.8801   1.0693   0   0        0   2.4521   0   0   1.8226
5    1.6426   0        2.6421   0   0        0   0        0   0   0
6    0.6434   0        0        0   0        0   0        0   0   3.1002
7    0        0        0        0   1.6401   0   0        0   0   2.4613
8    0.9844   0.9286   1.7834   0   0.6516   0   2.4986   0   0   0
9    0        1.7715   0        0   1.9865   0   0        0   0   0
10   0        0        0        0   0        0   3.8106   0   0   0.4436
11   1.0575   0        2.2705   0   3.4809   0   0.3373   0   0   0
12   0        1.8873   0        0   0        0   0        0   0   4.114
13   2.0764   0.2003   0        0   0        0   0.3549   0   0   0.9506
14   0        0        0.4673   0   2.379    0   0        0   0   0
15   0.0949   0.7091   1.0032   0   0        0   1.6091   0   0   0.988
16   0.6551   0.2457   0.7852   0   0        0   1.1076   0   0   0
17   0.6201   0.9357   2.0882   0   2.5692   0   0        0   0   1.2974
18   0.2609   0        0        0   0        0   1.1363   0   0   0
19   1.6335   1.6605   0        0   0.2711   0   1.77     0   0   2.6999
20   0        0        0.775    0   4.1891   0   0        0   0   0
21   1.6895   1.9121   2.729    0   0        0   2.2723   0   0   0
22   0.4059   0        0        0   0        0   0        0   0   0.4773
23   0.6137   1.7086   0        0   0        0   0        0   0   0.7395
24   0        0        0.7668   0   2.0015   0   2.7175   0   0   3.6655
25   0.0376   0.2277   0        0   0        0   0        0   0   0
26   1.622    0        0        0   0        0   0.8235   0   0   0
27   0.0915   0.9798   1.6551   0   1.0417   0   0.4541   0   0   0.6936
28   2.2439   1.1482   0        0   5.2706   0   1.0389   0   0   1.4478
29   0        0        1.2686   0   0        0   3.5034   0   0   1.9808
30   0        1.6547   0        0   0        0   0        0   0   0
31   1.0523   0.2013   1.4107   0   0        0   0        0   0   0.6851
32   0        0        0        0   0.3566   0   0        0   0   2.2972
33   0.7006   0        0.9485   0   0        0   2.045    0   0   0
34   0.7054   0.2013   1.8462   0   0        0   0        0   0   0.9199
35   1.1524   1.0112   0        0   3.1157   0   3.5046   0   0   2.6555
36   0        1.0575   0        0   0        0   0        0   0   0
37   0.3813   0        1.3661   0   0        0   0.5031   0   0   0.7461
38   2.1384   1.7559   0        0   0        0   0        0   0   2.7174
39   0        0        0.4596   0   0        0   0        0   0   0
40   0        0        1.5167   0   2.0179   0   1.2741   0   0   1.2205
41   0        1.8848   0.2539   0   0        0   1.559    0   0   1.4739
42   0.6274   0        0.2377   0   1.8217   0   0        0   0   1.2562
43   0.5828   0.2153   1.8362   0   0        0   2.5367   0   0   2.7469
44   0.6466   0.2357   0        0   0        0   2.312    0   0   0
45   0        0.5734   0        0   3.4544   0   0        0   0   1.5395
46   0.2878   1.5505   0        0   0        0   0        0   0   0
47   0.873    0.4378   0.829    0   0        0   0.5925   0   0   0
48   1.6773   0.5482   1.902    0   1.6847   0   1.2687   0   0   0.4302
49   0        0.5231   0        0   0        0   3.2112   0   0   1.4582
50   0.6452   0.4068   0.0446   0   0        0   0        0   0   0
51   0.1935   0.9146   0.8758   0   0        0   0        0   0   1.6124
52   0.5117   0.2152   0.6664   0   1.0828   0   0.7245   0   0   0

 [ZIELONKA,*,*,KAPUSTA] (tr)
:    1     2        3      4   5   6     7      8   9     10      :=
1    0   0.7293   0.396    0   0   0   0.8899   0   0   1.9998
2    0   1.0954   0.5019   0   0   0   3.2856   0   0   0
3    0   0        1.5637   0   0   0   0        0   0   0
4    0   0.886    0        0   0   0   0        0   0   0
5    0   1.2826   0.0677   0   0   0   3.5368   0   0   0
6    0   1.4103   0.9877   0   0   0   0        0   0   0
7    0   0        0        0   0   0   0.1017   0   0   0
8    0   0.2364   1.1077   0   0   0   1.3826   0   0   0
9    0   0.2932   0        0   0   0   2.4553   0   0   0
10   0   0.5709   0.8095   0   0   0   0        0   0   2.7134
11   0   2.177    0        0   0   0   1.0433   0   0   0
12   0   0        0        0   0   0   2.4195   0   0   0
13   0   0        0.8346   0   0   0   0        0   0   0
14   0   0        0.1532   0   0   0   3.4869   0   0   0
15   0   1.9619   1.0669   0   0   0   1.5892   0   0   0
16   0   0        0.7844   0   0   0   0        0   0   0.6403
17   0   0        0.3883   0   0   0   0        0   0   0
18   0   0.518    0.899    0   0   0   0.499    0   0   3.9002
19   0   0.464    1.7174   0   0   0   1.556    0   0   0
20   0   1.8233   0        0   0   0   2.3146   0   0   0
21   0   0.1222   0        0   0   0   0        0   0   0
22   0   0        0.8478   0   0   0   1.3457   0   0   2.4516
23   0   0.6209   0        0   0   0   3.0377   0   0   0
24   0   0.9378   0.3274   0   0   0   0        0   0   0
25   0   0        1.8615   0   0   0   1.721    0   0   3.188
26   0   0.9288   0.0465   0   0   0   0        0   0   0
27   0   1.7935   0        0   0   0   2.1167   0   0   0
28   0   0        2.092    0   0   0   1.8158   0   0   0
29   0   0        0        0   0   0   0        0   0   0.1004
30   0   0        0.3628   0   0   0   0        0   0   0
31   0   0.1731   0        0   0   0   3.273    0   0   0
32   0   0.6163   1.9325   0   0   0   0        0   0   0
33   0   0.9772   0        0   0   0   0        0   0   2.4105
34   0   0        0.0284   0   0   0   2.2989   0   0   0
35   0   1.212    0.7919   0   0   0   1.8804   0   0   0
36   0   0        0.5262   0   0   0   0        0   0   0
37   0   0.9273   0        0   0   0   0        0   0   2.2286
38   0   0.9704   2.0023   0   0   0   1.1853   0   0   0
39   0   1.4997   0        0   0   0   1.2672   0   0   0
40   0   0        1.7888   0   0   0   1.2135   0   0   0
41   0   0        0        0   0   0   1.9997   0   0   0
42   0   0.454    1.6398   0   0   0   1.555    0   0   0
43   0   0        0        0   0   0   0        0   0   0
44   0   1.0235   0        0   0   0   0.9206   0   0   0
45   0   1.3524   0.7837   0   0   0   2.1199   0   0   0
46   0   0.9845   1.3333   0   0   0   0        0   0   0
47   0   0        0        0   0   0   1.1654   0   0   1.2012
48   0   0        0        0   0   0   1.8406   0   0   0.5739
49   0   0.9852   1.0645   0   0   0   0        0   0   0
50   0   0        0        0   0   0   1.4509   0   0   0
51   0   0.9465   0.8477   0   0   0   0        0   0   0
52   0   0.6363   0.4867   0   0   0   1.1727   0   0   0

 [ZIELONKA,*,*,MARCHEW] (tr)
:      1        2        3      4     5      6     7      8   9     10      :=
1    1.0362   2.3728   0.3509   0   0        0   1.2595   0   0   0.8008
2    1.6637   0        1.3716   0   0        0   2.0283   0   0   5.3207
3    0        0        0.2933   0   1.641    0   1.0321   0   0   0
4    0.8933   0.3419   0        0   0        0   0        0   0   0.4647
5    0.403    1.0215   0.8419   0   0        0   0.7856   0   0   1.0908
6    1.4815   0.4997   0.6492   0   0        0   0.6953   0   0   0
7    0        0        0.6612   0   0        0   4.1142   0   0   0.1241
8    0        1.5155   1.4518   0   0        0   0        0   0   3.0038
9    0.8853   0        0.9989   0   0.7682   0   0.7557   0   0   0
10   0        0        0        0   0        0   0        0   0   0
11   0.1988   0.099    0        0   0.6561   0   1.289    0   0   2.2984
12   0.9663   0.3727   0.7397   0   0        0   0.136    0   0   0
13   0        0        1.8828   0   0        0   3.6169   0   0   2.2561
14   1.3414   1.9228   0.0142   0   0        0   0        0   0   1.0761
15   0        0        0        0   0        0   0        0   0   0
16   0        1.3762   1.7574   0   0        0   0        0   0   3.4875
17   1.4117   0        0        0   0        0   5.8477   0   0   0
18   0        0        1.0252   0   2.4832   0   0        0   0   0
19   0        0.0967   0        0   0        0   0        0   0   1.2331
20   1.0031   0.7037   0        0   0        0   1.4721   0   0   0.425
21   0.2988   1.035    0        0   0        0   0        0   0   3.9553
22   1.2681   0        1.1504   0   0        0   0.5524   0   0   0
23   0        1.4575   0.6047   0   0.5145   0   1.0653   0   0   0
24   2.069    0        1.4142   0   0        0   0.8577   0   0   0
25   0.0171   0        0        0   0        0   1.734    0   0   0
26   0        1.5408   2.1351   0   0.4084   0   0.5712   0   0   1.226
27   1.5806   0        0        0   0        0   2.5642   0   0   0.7585
28   0.0644   0        0        0   0        0   0        0   0   0.9071
29   0.573    1.4332   1.1911   0   1.3507   0   0        0   0   2.2498
30   1.6069   0        0        0   0        0   2.0485   0   0   0.5594
31   0        0        0.2585   0   0.3704   0   0        0   0   0
32   1.6452   1.8117   1.3562   0   0        0   2.8823   0   0   1.8946
33   0        0        0        0   1.9255   0   0.9644   0   0   0
34   0        0        1.0888   0   0        0   0        0   0   2.854
35   1.0023   0.3968   0.2403   0   0.5645   0   0        0   0   0
36   0.3147   1.2925   0        0   0        0   0.9304   0   0   0.4486
37   1.3653   0.8347   0.8349   0   0        0   1.371    0   0   2.461
38   0        0        0.3347   0   0        0   2.0913   0   0   0
39   0        0.7914   1.2438   0   0.507    0   0        0   0   0
40   0.4121   1.7028   0        0   0        0   2.0874   0   0   0.5925
41   0        0        0.9581   0   0        0   0        0   0   2.3883
42   0.6425   1.3646   1.1535   0   0        0   0.8126   0   0   0
43   0.8099   0        0.0241   0   0        0   3.4963   0   0   0
44   1.3402   1.4504   0        0   0        0   0        0   0   1.4336
45   0        0.7292   1.1773   0   0        0   0        0   0   2.9155
46   1.1276   0        0.206    0   0        0   0.0509   0   0   2.8439
47   0.403    0.9549   1.7817   0   1.0698   0   0.8332   0   0   0
48   0.0679   0        0        0   0        0   1.9056   0   0   0.3299
49   1.563    1.6718   0.0031   0   0.2581   0   0        0   0   0
50   0        0        1.0392   0   0.52     0   1.7911   0   0   1.3537
51   0        0        1.3378   0   0.6206   0   0        0   0   0.4989
52   0.9883   0.3536   0        0   0        0   1.3026   0   0   0.9863

 [ZIELONKA,*,*,ZIEMNIAKI] (tr)
:      1        2        3      4     5      6     7      8   9     10      :=
1    1.7918   0.9131   2.2803   0   1.2749   0   1.3002   0   0   1.9405
2    0.3133   0.1524   0        0   2.9458   0   1.3503   0   0   0
3    0        1.818    0        0   0.6384   0   0.9973   0   0   0.6394
4    1.6087   0        0        0   0        0   1.2799   0   0   0.6644
5    0        0.4979   0        0   0.7229   0   0.4936   0   0   1.279
6    0        0        0.8341   0   0        0   1.3121   0   0   0.7214
7    0.6586   0.9232   0.5199   0   1.517    0   1.2297   0   0   0.5888
8    1.1759   1.1233   0        0   2.9504   0   0.8438   0   0   1.0112
9    0        0        1.2521   0   1.9033   0   1.429    0   0   1.2178
10   2.4912   1.9124   1.06     0   0        0   0.5144   0   0   1.251
11   0        0        0        0   0        0   1.1914   0   0   2.1216
12   0        0        1.2759   0   2.4946   0   1.1755   0   0   0
13   0.1228   1.9137   0        0   0.9761   0   1.4172   0   0   0.807
14   0.3899   0.4772   0.371    0   0        0   1.2811   0   0   0.79
15   0.4386   0        1.7342   0   0        0   0.9697   0   0   3.5002
16   1.1235   1.6221   0        0   1.0595   0   1.9207   0   0   0
17   0        0        0.5164   0   0        0   0        0   0   1.1202
18   0        0.5155   0.5309   0   0        0   2.0237   0   0   0.0948
19   1.0283   1.8326   0.1793   0   0        0   0        0   0   0
20   0.0709   0        1.4553   0   0        0   1.2973   0   0   3.154
21   1.4201   0.2307   0        0   0        0   2.7237   0   0   0
22   0        0.955    0.5998   0   1.3902   0   2.0559   0   0   0
23   1.1669   0        0.4101   0   3.5815   0   0        0   0   2.742
24   0        0.2599   0.2548   0   0        0   0.7618   0   0   0
25   1.3244   2.2126   1.2275   0   0        0   0        0   0   0.886
26   0        0        0        0   2.2883   0   3.8653   0   0   2.334
27   1.2989   0.4841   0.2705   0   0        0   0        0   0   3.9009
28   0        0        0.7868   0   0.4473   0   0        0   0   0
29   0.9293   1.4366   0        0   1.5153   0   0        0   0   0
30   0.6427   0.2443   1.4986   0   1.2491   0   2.5393   0   0   0
31   1.6001   1.6596   0        0   1.0538   0   0        0   0   3.3281
32   0        0        0        0   4.3109   0   1.4618   0   0   0
33   0.0072   1.3798   0.3155   0   0        0   1.2796   0   0   0
34   1.0002   1.7307   0.9396   0   0        0   2.1891   0   0   0
35   1.2642   0        0.974    0   0.4333   0   0        0   0   2.3371
36   0        0        2.8066   0   0.8011   0   0.8417   0   0   0
37   0.9838   0.0483   0        0   3.504    0   2.2928   0   0   1.6129
38   0        1.0544   0        0   0.2558   0   0        0   0   0.2897
39   0.3561   0.9059   0.4758   0   0        0   4.6372   0   0   4.915
40   0.9445   0        0.6223   0   0        0   0        0   0   0
41   0        0.6244   1.787    0   2.0989   0   0.9573   0   0   0
42   1.2285   1.1483   0        0   0        0   0        0   0   0
43   0        0        0        0   1.9777   0   0.4324   0   0   1.1981
44   1.8339   1.8662   2.5387   0   0        0   1.1704   0   0   1.8292
45   0        0        0        0   0        0   0.6335   0   0   0
46   0        0        0        0   2.0796   0   5.0757   0   0   0.6831
47   0        0.6443   0        0   0        0   0        0   0   2.4278
48   0.9778   1.4538   0        0   0        0   0        0   0   0
49   0.4547   0        1.3794   0   0.9866   0   0.7078   0   0   0.569
50   0.8102   0.3783   0        0   2.8151   0   0        0   0   2.5553
51   0.4232   0.4017   0.7042   0   0        0   1.0617   0   0   0
52   0        0.4492   0.2673   0   1.4357   0   1.189    0   0   1.0466
;

