stockroom_state [*,*,BURAKI]
:      1        2        3        4        5        6        7        8      :=
1    0.768    0.7568   1.0692   1.7302   3.4122   3.6725   1.9562   4.7254
2    0.495    0.966    0.8973   0.8832   2.0152   2.1945   1.4102   4.2502
3    1.4991   0.605    0.2893   0.4422   0.9592   2.8874   2.4808   3.2242
4    1.0021   1.9351   1.0956   0.7128   3.3943   2.1554   4.1759   2.6612
5    1.7337   1.5111   2.7417   0.3014   1.9573   1.4344   3.0519   2.0522
6    1.3851   1.2201   1.9777   1.123    1.0923   2.5825   2.3609   1.4278
7    1.0901   0.6171   1.0197   0.869    1.7394   2.9266   1.4069   1.1451
8    1.0835   0.9847   1.8761   2.0688   1.474    5.0433   2.6265   3.0567
9    0.7835   2.0422   0.9991   1.2848   2.1205   4.0873   1.4915   1.9737
10   0.4015   1.2122   0.3861   1.0238   0.8415   2.7003   4.4861   1.3617
11   1.094    0.3212   2.3056   0.6578   3.5574   1.4278   3.6754   4.0073
12   0.275    1.9165   1.6476   0.8624   2.5504   1.9543   3.1034   3.1213
13   2.1014   1.6028   1.0186   1.7252   1.6335   2.6251   2.0503   1.9113
14   1.5924   0.7858   0.5599   0.9525   2.5275   1.4531   0.8173   1.4271
15   0.9493   0.8789   1.0541   0.6325   1.1635   2.3409   1.6834   1.3013
16   0.7414   0.3256   1.0593   1.4774   1.1517   1.5239   1.628    1.2793
17   0.6875   0.9653   2.1845   1.0574   2.6739   1.7531   0.726    1.0373
18   0.3234   0.4323   1.4075   0.3674   1.5819   0.8932   1.2023   3.1449
19   1.6629   1.6998   0.7315   1.9307   1.111    3.7391   1.8793   2.3369
20   0.9999   0.9548   0.8415   1.2627   4.2901   3.7354   0.9383   0.9119
21   1.7804   1.9989   2.8055   1.0087   3.3861   3.1734   2.3576   3.0888
22   1.8433   1.0449   2.0345   0.8651   1.9481   2.1907   1.6136   2.5533
23   1.512    1.8395   1.6795   0.9812   1.0923   1.4707   1.0296   1.2133
24   1.058    1.5165   2.0643   1.6892   2.1008   0.561    2.8111   1.2859
25   0.4356   1.3832   1.1653   0.6952   1.4208   1.9446   2.1491   2.3967
26   1.6616   0.4752   0.8283   2.0982   0.8228   0.6886   1.7956   1.2452
27   0.8481   1.023    1.7304   1.1342   1.1165   1.106    0.8657   1.3497
28   2.321    1.2412   0.8844   0.8292   5.3721   2.0529   1.1176   0.9394
29   1.541    0.7282   1.349    0.5842   4.2981   1.1319   3.605    1.1814
30   1.023    1.7209   0.462    1.6981   2.8681   1.3808   2.511    3.3023
31   1.1453   1.5772   1.4527   1.3171   1.5971   2.5672   1.796    2.5713
32   0.5093   1.1652   0.7227   1.0901   0.7117   1.5452   1.243    1.1473
33   0.7469   0.5252   1.0142   0.4686   1.5015   1.1627   2.158    2.2229
34   0.7733   0.3355   1.9384   0.8988   1.7486   1.3717   1.65     1.3695
35   1.2227   1.0417   1.1644   0.7469   3.7833   3.9581   3.6546   1.9029
36   0.7667   1.1522   0.9284   1.9464   2.6513   2.4701   3.1536   1.2039
37   0.451    0.8822   1.4505   1.4494   1.5213   1.8085   3.1027   0.5929
38   2.1794   1.8361   0.8755   0.6644   0.8789   0.8745   2.2207   2.672
39   1.4004   0.9871   1.0131   1.7866   1.507    1.4465   1.3277   1.963
40   1.0814   0.2651   1.6088   0.8866   2.1549   1.54     1.3948   1.5488
41   0.5764   1.9089   0.9427   2.1487   1.3959   4.1708   1.6858   0.5643
42   0.6798   0.9229   0.3234   1.8397   1.9486   2.8168   0.9878   3.2935
43   0.6446   0.2992   1.8656   1.1827   1.3526   1.3328   2.6265   2.4873
44   0.7052   0.2629   1.4966   0.3377   0.7766   2.1732   3.7975   1.2463
45   0.3432   0.5973   1.0656   0.6732   3.525    0.9812   2.6615   2.7725
46   0.319    1.6048   0.6936   1.5384   2.059    2.6266   1.5495   2.0185
47   0.902    1.6896   1.0256   0.8734   1.199    1.3156   1.012    1.1935
48   1.7593   1.3748   2.4526   1.2556   1.7937   1.4696   1.3607   3.7424
49   0.7943   1.0549   1.6656   0.8626   0.6017   3.2712   3.3349   2.9374
50   0.7755   0.5027   0.7722   1.3028   0.7865   1.9672   2.4679   2.1624
51   0.264    0.9603   0.946    0.6083   1.133    1.3662   1.1539   1.5114
52   0.5357   0.3025   0.7524   0.3883   1.1858   1.1022   0.8294   0.9669

:      9        10      :=
1    0.7403   0.7975
2    1.199    0.7612
3    2.2886   2.0165
4    1.4136   2.6361
5    3.401    1.4311
6    2.475    3.2303
7    4.1529   4.5536
8    2.8749   3.2146
9    2.1201   2.3506
10   3.2481   1.4342
11   2.0821   0.7942
12   2.6776   4.1862
13   1.3706   3.7018
14   2.5104   2.3278
15   1.0164   2.0348
16   1.6196   1.2628
17   0.9366   1.4122
18   3.7886   0.6952
19   2.5176   2.7631
20   1.5576   2.1901
21   1.1924   0.9651
22   3.9168   0.5654
23   2.6298   0.7909
24   1.1858   3.7374
25   1.4069   2.9754
26   1.3904   2.2404
27   2.0171   1.474
28   1.0791   1.5818
29   1.8195   2.1246
30   1.2555   0.8976
31   0.7095   0.7667
32   2.3719   2.3669
33   3.0466   1.3349
34   2.2686   1.0428
35   1.3156   2.7503
36   1.4179   1.9363
37   0.6314   1.5444
38   1.8845   2.8578
39   2.0862   1.4938
40   0.9592   1.3563
41   1.0967   1.5972
42   0.9262   1.4014
43   0.9097   2.8743
44   2.3137   1.9003
45   1.3387   2.9208
46   3.2986   2.1618
47   2.8156   1.3178
48   1.7336   0.55
49   0.5896   1.5082
50   1.122    0.8492
51   1.5752   1.6896
52   0.781    0.7106

 [*,*,KAPUSTA]
:      1        2        3        4        5        6        7        8      :=
1    1.119    0.7293   0.396    0.8597   0.5753   0.7942   0.8899   0.858
2    0.891    1.1617   0.5379   0.6557   1.4707   3.3757   3.3665   1.2067
3    1.4819   0.7447   1.6126   1.5983   2.9963   2.4877   2.7415   1.0615
4    0.8689   0.9537   0.9796   0.6853   2.3342   2.6356   1.5455   1.2122
5    0.9493   1.3693   0.6433   1.885    0.8712   4.6337   3.6773   0.9636
6    0.5082   2.3876   1.274    2.1235   4.1262   3.4537   2.4983   1.562
7    1.9908   1.7216   0.528    1.6425   3.2471   2.3099   1.441    3.1839
8    1.3958   1.034    1.1557   1.1165   2.5751   1.0479   1.5136   2.2539
9    0.6908   0.3872   0.4367   1.3925   1.1561   0.5698   2.5929   1.3659
10   1.039    0.6061   0.8492   1.1475   3.3058   2.8057   1.2529   3.0604
11   0.231    2.2321   0.5302   0.7205   2.4208   4.324    1.1572   2.0744
12   1.9052   1.4971   0.2332   0.5093   1.3893   3.095    2.5247   1.3398
13   0.9592   0.8941   0.8558   0.8615   1.1484   1.948    1.0527   2.6941
14   1.2409   0.4521   0.231    0.4675   2.0364   0.561    3.5826   1.5631
15   0.9479   2.003    1.0879   0.3509   4.9155   1.3651   3.7788   3.4549
16   1.0373   1.168    0.8833   1.7898   3.7265   0.5687   2.3658   2.6039
17   1.0978   0.715    0.4686   0.8698   2.6305   1.3178   1.1418   1.5589
18   1.6133   0.583    0.9416   0.8503   3.0173   3.6974   0.6028   1.1682
19   1.1063   0.517    1.803    0.4752   1.6203   2.6194   1.6238   1.5532
20   0.7513   1.8703   1.117    1.2343   0.9746   1.3254   2.6244   1.9939
21   1.0889   1.0515   0.528    0.7953   3.398    0.6974   1.1814   1.0989
22   0.8679   0.2365   0.8958   0.616    2.782    3.5841   1.4531   0.9537
23   0.9363   0.6424   0.5368   1.1092   1.504    2.1031   3.1698   2.4321
24   0.6963   0.9962   0.3762   0.6182   1.5719   1.4511   2.0978   1.0571
25   1.6632   0.7942   1.8957   0.8905   3.9831   2.2286   2.9508   1.4036
26   1.2912   1.001    1.2162   0.3465   3.0191   0.8316   1.5378   4.2491
27   0.8272   1.8845   0.6622   1.83     2.2871   2.2922   2.2565   3.1791
28   0.6985   1.3145   2.1522   1.306    1.1311   0.9702   2.8583   2.3841
29   1.5196   1.0795   1.5082   0.451    0.5511   4.1244   2.1713   1.8541
30   1.292    0.8175   1.053    0.771    1.6412   3.4484   0.8723   0.9944
31   1.1966   0.5456   0.715    0.515    2.7721   2.4214   3.3523   1.1935
32   1.0714   0.6659   1.9975   0.314    1.6991   1.3464   2.6143   3.7248
33   1.499    1.3151   1.4715   0.5049   0.9141   4.1267   1.4443   3.9754
34   0.715    0.9581   0.8239   1.0626   3.5681   2.6717   2.4302   3.1014
35   1.0681   1.2991   0.8668   0.4565   2.9151   2.0253   3.1846   2.5214
36   1.9616   0.6761   0.605    1.0692   1.5321   1.5103   2.6086   1.8074
37   1.3556   1.0384   0.385    0.902    0.7931   1.5918   1.4476   0.6094
38   0.8646   1.0648   2.0373   1.6576   0.726    0.6138   1.4179   0.9493
39   2.2595   1.5965   1.0593   0.9086   0.5819   1.023    1.3961   2.3169
40   1.6425   1.2855   1.8851   1.6971   2.9726   2.476    1.5136   1.3299
41   1.4215   0.9515   1.0571   0.7581   2.3746   1.243    2.1373   1.0582
42   2.0615   0.5405   1.7359   0.4081   2.0247   3.8348   2.8103   2.0411
43   1.6251   0.2365   0.8729   1.388    1.3057   2.4348   1.5983   1.4851
44   0.7271   1.045    0.2849   0.902    2.9932   1.2848   1.0659   0.8701
45   2.2697   1.4474   0.8096   0.7293   1.9602   4.4028   2.2168   1.317
46   2.0177   1.6899   1.4069   0.3245   2.4546   3.6128   0.9988   3.5154
47   1.5037   1.3489   1.0239   1.1349   1.5686   2.8868   1.2562   2.9874
48   0.8767   1.0549   0.5379   0.7369   2.8408   2.1189   1.9548   1.6984
49   0.4521   1.0811   1.1134   0.3949   1.3948   0.8679   1.4098   1.6181
50   1.8716   0.3091   0.7304   1.5517   2.218    2.687    1.9747   2.105
51   1.3386   0.9746   0.9141   0.9647   1.54     1.43     0.9427   1.067
52   0.4576   0.7249   0.5698   0.7183   0.5819   1.6214   1.2584   0.9383

:      9        10      :=
1    1.0307   1.9998
2    0.6534   1.1748
3    0.7271   1.2991
4    3.5779   0.8184
5    2.3369   1.1726
6    1.7629   1.342
7    0.8129   1.3228
8    2.8329   0.7128
9    1.4829   2.188
10   0.8129   4.1694
11   2.1741   2.7034
12   3.1439   1.5674
13   2.1519   0.8327
14   1.6313   2.8906
15   3.8133   1.5356
16   3.8126   0.7799
17   2.5596   1.2903
18   1.1726   4.0175
19   3.1205   2.6855
20   2.1185   1.8565
21   2.3633   0.9405
22   1.9729   3.4079
23   1.6302   1.9619
24   3.6573   1.2199
25   2.9003   3.2989
26   1.4113   1.8589
27   1.5279   0.6479
28   1.6938   1.457
29   0.6468   0.9614
30   3.1938   3.781
31   2.1078   2.513
32   3.0316   1.089
33   1.5686   2.5095
34   0.5896   1.2815
35   2.1797   1.2925
36   1.1737   1.0813
37   2.1      2.3269
38   1.034    1.4509
39   0.7392   0.9328
40   0.5533   2.4018
41   4.2452   1.0208
42   3.4662   3.8694
43   2.4922   2.6424
44   1.2782   1.6684
45   0.9515   1.5096
46   0.7106   0.7986
47   0.9317   1.2738
48   1.9543   0.6897
49   1.2023   4.4985
50   2.4918   3.0645
51   1.2958   1.6335
52   1.6236   0.7194

 [*,*,MARCHEW]
:      1        2        3        4        5        6        7        8      :=
1    1.0362   2.3728   0.3509   1.0197   2.7374   1.5477   1.2595   1.441
2    1.7579   1.9458   1.4035   1.7895   1.4784   1.7002   2.1428   1.0989
3    0.8569   1.1528   1.3238   1.0065   1.7754   1.5642   2.0349   1.1654
4    0.9712   0.7667   0.9878   0.5434   0.6204   2.5542   1.2839   2.6197
5    0.6182   1.0912   0.9317   1.7138   3.5045   1.6302   1.0395   4.2429
6    1.5377   0.5989   0.7339   1.0348   2.1915   1.4773   0.7898   3.2954
7    0.9367   0.2849   1.0681   0.6688   1.4665   1.5917   4.186    2.6492
8    0.5957   1.5414   1.5489   0.69     0.8835   1.0978   3.281    1.3332
9    0.949    1.3044   2.1558   1.5665   0.9317   3.0148   2.7867   0.9757
10   0.693    1.0144   1.5328   0.7546   1.386    1.5928   1.9967   0.9075
11   0.2618   0.5554   0.9988   2.7192   0.7821   1.3063   2.3047   0.6919
12   0.9901   0.5411   0.8305   2.0792   0.924    1.287    1.4707   1.6225
13   0.7161   0.2871   1.9583   1.3942   2.2596   2.5202   3.7506   1.9823
14   1.4065   1.9489   1.7345   0.5555   1.5066   1.6962   2.5306   2.1412
15   1.0365   1.0079   0.9515   1.95     0.6545   1.5642   1.8236   1.4652
16   0.6875   1.5761   1.8439   1.157    1.9708   4.8368   1.1176   3.1555
17   1.4742   1.2281   1.3329   0.374    1.0868   3.9608   5.9493   2.7093
18   1.2272   0.8531   1.9341   0.3993   2.582    2.6138   4.5073   2.2744
19   0.8602   0.6688   1.7261   1.2523   2.3145   1.3728   3.3163   1.6324
20   1.0813   0.7645   1.4191   0.6623   1.6445   1.2089   3.3854   1.2793
21   0.3971   1.1045   0.6721   0.2503   0.6831   2.3455   1.9944   1.551
22   1.3042   0.6765   1.2115   0.6611   1.8549   1.5055   1.3618   2.6736
23   1.0362   1.519    0.9262   0.7458   1.2364   3.2632   1.1891   1.6266
24   2.1632   0.779    1.4984   0.7623   0.9152   2.4192   0.9658   1.0186
25   1.2193   0.352    0.5544   2.0691   1.3956   1.1792   1.8218   2.0013
26   0.7843   1.5728   2.1855   1.6231   0.891    3.864    1.056    1.3123
27   1.6519   0.8868   1.5945   0.6891   1.8277   3.225    2.6602   1.9873
28   0.7513   0.6138   1.0175   0.2431   0.9607   2.651    2.1512   3.2054
29   0.6413   1.489    1.2836   0.9482   1.6104   1.166    1.5532   2.6204
30   1.6652   1.27     0.6776   0.7799   2.1252   1.1066   2.1897   1.4344
31   0.7062   0.902    0.3201   2.3926   1.5676   2.0992   0.8657   2.5645
32   1.7094   1.8937   1.3853   1.4536   0.5896   1.2342   2.961    1.5605
33   1.4874   1.4567   0.4873   0.8316   1.9791   2.1636   2.4954   0.7425
34   0.6754   0.5357   1.1331   2.4111   1.1231   1.8573   1.9894   1.7652
35   1.0637   0.4455   0.9254   1.7421   0.6666   1.0813   0.6314   0.5962
36   0.4114   1.333    0.4334   1.2281   2.989    1.9      0.9878   1.5612
37   1.4027   1.3877   0.8743   0.5511   2.13     1.285    1.4608   0.5962
38   1.0627   0.7447   0.682    1.3365   1.32     0.77     2.2241   1.675
39   0.6437   0.8591   1.3058   1.1993   0.627    2.2193   0.9471   0.968
40   0.6308   1.7939   0.6578   1.2377   2.2231   1.5411   2.1735   1.7007
41   0.3498   1.2329   1.0179   0.561    0.8921   1.6159   1.4795   1.0087
42   0.6743   1.6145   1.7064   2.0785   2.3457   1.1952   0.9471   1.824
43   0.8712   0.7315   1.4015   1.2115   1.1847   1.5851   3.5824   0.583
44   1.4194   1.5169   0.5225   1.0692   2.8472   2.5037   2.3014   2.2704
45   0.7694   1.5891   1.2248   1.6876   1.5312   1.3227   1.3184   1.4454
46   1.66     0.8811   0.7568   1.3766   1.3728   0.7997   0.6963   1.276
47   1.8      1.035    1.8505   1.1586   1.1946   1.458    0.8965   1.0516
48   1.0549   0.825    1.1425   0.7216   2.7249   0.55     1.9871   0.7983
49   1.6589   1.7468   0.6446   1.8079   1.54     1.4869   1.1671   2.4106
50   1.2079   0.9708   1.0978   0.8129   0.66     1.7296   1.8972   1.1146
51   0.8899   0.5148   1.4376   0.7172   1.0879   0.9196   0.8932   1.1
52   1.0692   0.4004   0.7876   0.5973   1.2672   0.9713   1.3838   0.7898

:      9        10      :=
1    1.1429   0.8008
2    0.8503   5.3935
3    2.2155   4.1195
4    1.6275   3.9652
5    0.7975   4.2
6    1.6038   2.733
7    1.5169   1.6071
8    0.9526   3.1499
9    3.2602   2.0649
10   2.6812   1.1539
11   1.5312   2.4033
12   1.1319   1.2573
13   3.6146   2.3704
14   2.7413   2.0275
15   1.3123   0.7535
16   1.4498   3.556
17   2.2314   2.343
18   1.5444   1.636
19   0.8372   1.7181
20   3.5512   0.8591
21   2.1802   4.0334
22   0.7392   3.3364
23   2.4008   2.3644
24   1.8221   1.5604
25   0.8415   0.8404
26   2.9774   1.3024
27   1.6104   0.8769
28   4.1981   1.001
29   3.2621   2.3408
30   2.1741   2.1152
31   1.6345   1.4082
32   1.0505   2.1668
33   1.0285   1.1198
34   2.255    2.9558
35   1.001    1.6478
36   1.4608   0.5984
37   0.5599   2.5154
38   4.3781   1.8754
39   3.0161   0.6954
40   2.3931   0.7029
41   1.2771   2.4522
42   2.5533   1.8292
43   1.6153   1.1462
44   1.5059   1.5378
45   3.394    3.0553
46   2.656    4.4452
47   2.086    2.9712
48   1.3057   2.0961
49   0.66     1.4251
50   1.6702   1.6148
51   0.8052   0.6457
52   1.6093   1.045

 [*,*,ZIEMNIAKI]
:      1        2        3        4        5        6        7        8      :=
1    1.7918   0.9131   2.2803   1.1204   1.2749   2.3846   1.3002   0.8096
2    1.5711   0.6985   2.0313   0.7414   3.0617   1.1286   1.4685   1.2782
3    0.8771   1.8815   1.6443   1.683    2.2951   1.4597   1.1308   2.3829
4    1.8728   1.1165   0.9023   0.737    1.6771   1.0538   1.3827   1.3409
5    1.4138   0.8004   0.5533   0.8298   1.693    0.7007   0.6193   0.5753
6    0.4268   0.5654   0.8844   0.3498   0.616    0.8855   1.3684   1.5488
7    0.6974   0.9746   0.6003   1.5497   1.573    1.5708   1.3541   0.8558
8    1.2393   1.2119   0.2893   0.8547   3.0934   1.21     0.9669   1.1902
9    0.9933   0.2959   1.2784   0.4862   3.8177   0.7271   1.5169   3.5187
10   2.5815   1.9393   1.7244   1.2104   2.4927   1.3002   0.6523   2.5044
11   2.1155   1.6633   1.0354   0.4774   1.2657   1.3409   1.2507   1.0604
12   1.4725   0.8173   1.3893   1.2791   3.1623   2.0627   1.2892   1.7504
13   0.9383   1.988    1.0373   0.7491   2.9845   1.3057   1.5344   1.2463
14   0.4752   1.5852   0.4653   1.0978   1.9555   3.3416   1.4575   2.7026
15   0.4818   0.8822   1.7765   1.1078   1.2925   2.1486   1.1022   1.6126
16   1.1673   1.7023   1.0835   0.3058   1.177    1.4696   2.0209   0.7953
17   0.9133   0.8393   0.6149   2.4288   1.6348   1.3673   0.5709   2.5285
18   0.6303   0.5918   0.5868   2.0678   0.8448   1.1946   2.0756   1.2465
19   1.0856   1.8864   0.4081   1.0718   1.9798   0.6677   1.5686   2.3115
20   0.3135   1.1824   1.4924   0.9262   1.1168   2.1293   1.4399   3.3853
21   1.4486   0.6171   0.8644   0.2541   0.5588   2.1827   2.8546   2.0953
22   0.6996   1.0111   0.7282   2.5878   1.441    1.1187   3.9595   0.7073
23   1.2305   0.7711   0.4763   1.8938   3.7125   1.562    2.9995   2.562
24   0.7975   0.33     0.2981   1.4798   2.3945   3.9677   2.5133   1.551
25   1.3969   2.2426   1.2546   0.9911   1.2265   3.0466   1.4663   2.0324
26   0.9779   1.2506   0.5456   0.6622   2.3998   3.0148   3.9986   1.0274
27   1.3878   0.9777   0.3201   0.3168   1.2628   1.7758   2.6056   1.3179
28   0.9218   0.4257   0.8159   2.3517   0.5621   2.2366   1.7296   0.6039
29   1.0131   1.4753   0.5819   2.1113   1.5664   1.1946   0.8096   2.1781
30   0.7348   0.9636   1.5515   1.1503   1.3915   2.4632   2.6129   1.6701
31   1.6669   1.7472   1.0435   0.5053   1.1803   1.3112   1.1869   1.5047
32   1.4249   1.0472   0.7645   1.8723   4.4182   0.8767   1.5697   1.4014
33   0.6501   1.475    0.385    1.0923   2.9202   0.946    1.4223   0.8932
34   1.0593   2.9427   0.9746   0.3575   1.5862   2.4983   2.3184   1.5979
35   1.3605   1.9857   1.0626   1.3783   0.5775   1.3343   0.9174   2.8135
36   0.9415   1.6107   2.9032   0.4863   0.8536   1.1484   0.9251   1.7985
37   1.3853   0.792    2.1602   1.8275   3.5816   1.6445   2.3769   1.0252
38   0.6083   1.1264   1.2752   1.0715   2.4824   1.3409   0.8789   2.5377
39   0.4114   1.3293   1.056    0.8355   1.9604   3.7102   4.7171   2.5861
40   0.9819   0.5973   0.7183   0.9086   0.6754   2.5832   3.3061   1.4751
41   0.7799   0.6787   1.8523   0.9807   2.1603   1.3392   3.0854   1.3024
42   1.2994   1.21     1.1043   0.4037   1.1143   0.5522   1.6324   0.6754
43   0.3234   0.891    0.3003   0.8756   2.079    3.0463   0.5808   3.2786
44   1.8633   1.9472   2.566    0.5236   1.409    2.4373   1.2232   2.7406
45   1.0103   1.1382   1.77     0.3014   0.66     1.6793   0.7447   2.2991
46   0.7183   0.5962   1.245    1.4905   2.1396   1.3599   5.1434   1.0241
47   0.5093   0.6985   0.97     1.2465   1.4306   0.6369   3.9664   1.5884
48   1.0241   1.5173   0.737    2.0159   0.6666   3.292    3.0854   1.5949
49   0.5478   0.8723   1.4464   1.0549   1.0472   2.773    2.4762   0.8679
50   0.86     0.4576   1.0384   1.0626   2.9103   1.309    1.3772   2.0349
51   0.8612   0.4433   0.7986   0.2618   1.5103   0.5984   1.1869   1.4509
52   0.2882   0.4895   0.3399   0.9537   1.573    1.1044   1.2969   1.0472

:      9        10      :=
1    1.4872   1.9405
2    2.793    0.8195
3    2.027    0.7139
4    1.452    0.7293
5    1.5356   1.3453
6    2.2293   0.8437
7    1.5883   0.6655
8    1.4106   1.0717
9    1.2078   1.5455
10   1.3288   1.3915
11   2.2836   2.2481
12   1.1176   1.1381
13   0.9339   1.2441
14   1.188    0.9031
15   1.929    3.5823
16   1.189    2.5503
17   2.3434   3.1035
18   1.5654   1.8003
19   1.5957   0.9823
20   0.8437   3.2433
21   2.3351   2.1473
22   1.4421   0.8393
23   1.4102   2.8183
24   1.4058   1.6313
25   0.7678   1.0343
26   2.2919   2.7473
27   1.5779   5.1502
28   1.1      4.1092
29   2.2246   2.7222
30   1.4476   1.3552
31   2.29     3.4513
32   1.617    2.5263
33   0.6578   1.8603
34   0.9878   1.3343
35   3.5747   2.4584
36   2.1777   1.6434
37   1.4498   1.7623
38   0.7744   1.232
39   2.2295   5.027
40   0.8195   3.688
41   1.452    2.195
42   1.1253   1.049
43   3.0538   1.4861
44   1.9458   1.9643
45   2.3868   0.6633
46   1.4058   0.7434
47   1.1264   2.5862
48   3.0774   1.6302
49   2.2074   0.7172
50   2.7808   2.6205
51   2.1658   1.2355
52   0.9988   1.4861
;

